{
 "cells": [
  {
   "cell_type": "markdown",
   "metadata": {},
   "source": [
    "# Course 4329 - short R refresher "
   ]
  },
  {
   "cell_type": "markdown",
   "metadata": {},
   "source": [
    "### Install packages:"
   ]
  },
  {
   "cell_type": "code",
   "execution_count": 1,
   "metadata": {},
   "outputs": [],
   "source": [
    "install.packages('dplyr')"
   ]
  },
  {
   "cell_type": "markdown",
   "metadata": {},
   "source": [
    "#### Load packages"
   ]
  },
  {
   "cell_type": "code",
   "execution_count": 3,
   "metadata": {},
   "outputs": [],
   "source": [
    "library(dplyr)"
   ]
  },
  {
   "cell_type": "markdown",
   "metadata": {},
   "source": [
    "##### Get help"
   ]
  },
  {
   "cell_type": "code",
   "execution_count": 4,
   "metadata": {},
   "outputs": [],
   "source": [
    "?dplyr"
   ]
  },
  {
   "cell_type": "markdown",
   "metadata": {},
   "source": [
    "##### Working through an example"
   ]
  },
  {
   "cell_type": "markdown",
   "metadata": {},
   "source": [
    "#### Load the  Monthly and Quarterly Databases for Macroeconomic Research from the Federal Reserve"
   ]
  },
  {
   "cell_type": "code",
   "execution_count": 1,
   "metadata": {},
   "outputs": [],
   "source": [
    "data = read.csv('https://files.stlouisfed.org/files/htdocs/fred-databases/monthly/current.csv')"
   ]
  },
  {
   "cell_type": "code",
   "execution_count": 2,
   "metadata": {},
   "outputs": [
    {
     "data": {
      "text/html": [
       "<table>\n",
       "<thead><tr><th scope=col>sasdate</th><th scope=col>RPI</th><th scope=col>W875RX1</th><th scope=col>DPCERA3M086SBEA</th><th scope=col>CMRMTSPLx</th><th scope=col>RETAILx</th><th scope=col>INDPRO</th><th scope=col>IPFPNSS</th><th scope=col>IPFINAL</th><th scope=col>IPCONGD</th><th scope=col>⋯</th><th scope=col>DSERRG3M086SBEA</th><th scope=col>CES0600000008</th><th scope=col>CES2000000008</th><th scope=col>CES3000000008</th><th scope=col>UMCSENTx</th><th scope=col>MZMSL</th><th scope=col>DTCOLNVHFNM</th><th scope=col>DTCTHFNM</th><th scope=col>INVEST</th><th scope=col>VXOCLSx</th></tr></thead>\n",
       "<tbody>\n",
       "\t<tr><td>Transform:</td><td>   5.000  </td><td>   5.0    </td><td> 5.000    </td><td>     5.0  </td><td>    5.00  </td><td> 5.0000   </td><td> 5.0000   </td><td> 5.0000   </td><td> 5.0000   </td><td>⋯         </td><td> 6.000    </td><td>6.00      </td><td>6.00      </td><td>6.00      </td><td> 2.0      </td><td>  6.0     </td><td>   6      </td><td>    6     </td><td> 6.0000   </td><td> 1        </td></tr>\n",
       "\t<tr><td>1/1/1959  </td><td>2289.932  </td><td>2151.8    </td><td>18.191    </td><td>255861.9  </td><td>18234.44  </td><td>22.7253   </td><td>23.6124   </td><td>22.3645   </td><td>32.4403   </td><td>⋯         </td><td>12.133    </td><td>2.13      </td><td>2.45      </td><td>2.04      </td><td>  NA      </td><td>274.9     </td><td>6476      </td><td>12298     </td><td>84.2043   </td><td>NA        </td></tr>\n",
       "\t<tr><td>2/1/1959  </td><td>2299.790  </td><td>2160.4    </td><td>18.380    </td><td>257783.6  </td><td>18368.22  </td><td>23.1703   </td><td>23.9311   </td><td>22.5582   </td><td>32.6782   </td><td>⋯         </td><td>12.149    </td><td>2.13      </td><td>2.46      </td><td>2.05      </td><td>  NA      </td><td>276.0     </td><td>6476      </td><td>12298     </td><td>83.5280   </td><td>NA        </td></tr>\n",
       "\t<tr><td>3/1/1959  </td><td>2314.456  </td><td>2176.2    </td><td>18.555    </td><td>256866.4  </td><td>18521.70  </td><td>23.5041   </td><td>24.0760   </td><td>22.6689   </td><td>32.6782   </td><td>⋯         </td><td>12.169    </td><td>2.15      </td><td>2.45      </td><td>2.07      </td><td>  NA      </td><td>277.4     </td><td>6508      </td><td>12349     </td><td>81.6405   </td><td>NA        </td></tr>\n",
       "\t<tr><td>4/1/1959  </td><td>2328.668  </td><td>2190.7    </td><td>18.488    </td><td>262043.8  </td><td>18533.11  </td><td>24.0048   </td><td>24.4237   </td><td>23.0011   </td><td>33.1937   </td><td>⋯         </td><td>12.211    </td><td>2.16      </td><td>2.47      </td><td>2.08      </td><td>  NA      </td><td>278.1     </td><td>6620      </td><td>12484     </td><td>81.8099   </td><td>NA        </td></tr>\n",
       "\t<tr><td>5/1/1959  </td><td>2342.767  </td><td>2205.7    </td><td>18.710    </td><td>263871.7  </td><td>18678.30  </td><td>24.3664   </td><td>24.6265   </td><td>23.2225   </td><td>33.3524   </td><td>⋯         </td><td>12.230    </td><td>2.17      </td><td>2.48      </td><td>2.08      </td><td>95.3      </td><td>280.1     </td><td>6753      </td><td>12646     </td><td>80.7315   </td><td>NA        </td></tr>\n",
       "</tbody>\n",
       "</table>\n"
      ],
      "text/latex": [
       "\\begin{tabular}{r|lllllllllllllllllllllllllllllllllllllllllllllllllllllllllllllllllllllllllllllllllllllllllllllllllllllllllllllllllllllllllllllllll}\n",
       " sasdate & RPI & W875RX1 & DPCERA3M086SBEA & CMRMTSPLx & RETAILx & INDPRO & IPFPNSS & IPFINAL & IPCONGD & ⋯ & DSERRG3M086SBEA & CES0600000008 & CES2000000008 & CES3000000008 & UMCSENTx & MZMSL & DTCOLNVHFNM & DTCTHFNM & INVEST & VXOCLSx\\\\\n",
       "\\hline\n",
       "\t Transform: &    5.000   &    5.0     &  5.000     &      5.0   &     5.00   &  5.0000    &  5.0000    &  5.0000    &  5.0000    & ⋯          &  6.000     & 6.00       & 6.00       & 6.00       &  2.0       &   6.0      &    6       &     6      &  6.0000    &  1        \\\\\n",
       "\t 1/1/1959   & 2289.932   & 2151.8     & 18.191     & 255861.9   & 18234.44   & 22.7253    & 23.6124    & 22.3645    & 32.4403    & ⋯          & 12.133     & 2.13       & 2.45       & 2.04       &   NA       & 274.9      & 6476       & 12298      & 84.2043    & NA        \\\\\n",
       "\t 2/1/1959   & 2299.790   & 2160.4     & 18.380     & 257783.6   & 18368.22   & 23.1703    & 23.9311    & 22.5582    & 32.6782    & ⋯          & 12.149     & 2.13       & 2.46       & 2.05       &   NA       & 276.0      & 6476       & 12298      & 83.5280    & NA        \\\\\n",
       "\t 3/1/1959   & 2314.456   & 2176.2     & 18.555     & 256866.4   & 18521.70   & 23.5041    & 24.0760    & 22.6689    & 32.6782    & ⋯          & 12.169     & 2.15       & 2.45       & 2.07       &   NA       & 277.4      & 6508       & 12349      & 81.6405    & NA        \\\\\n",
       "\t 4/1/1959   & 2328.668   & 2190.7     & 18.488     & 262043.8   & 18533.11   & 24.0048    & 24.4237    & 23.0011    & 33.1937    & ⋯          & 12.211     & 2.16       & 2.47       & 2.08       &   NA       & 278.1      & 6620       & 12484      & 81.8099    & NA        \\\\\n",
       "\t 5/1/1959   & 2342.767   & 2205.7     & 18.710     & 263871.7   & 18678.30   & 24.3664    & 24.6265    & 23.2225    & 33.3524    & ⋯          & 12.230     & 2.17       & 2.48       & 2.08       & 95.3       & 280.1      & 6753       & 12646      & 80.7315    & NA        \\\\\n",
       "\\end{tabular}\n"
      ],
      "text/markdown": [
       "\n",
       "sasdate | RPI | W875RX1 | DPCERA3M086SBEA | CMRMTSPLx | RETAILx | INDPRO | IPFPNSS | IPFINAL | IPCONGD | ⋯ | DSERRG3M086SBEA | CES0600000008 | CES2000000008 | CES3000000008 | UMCSENTx | MZMSL | DTCOLNVHFNM | DTCTHFNM | INVEST | VXOCLSx | \n",
       "|---|---|---|---|---|---|\n",
       "| Transform: |    5.000   |    5.0     |  5.000     |      5.0   |     5.00   |  5.0000    |  5.0000    |  5.0000    |  5.0000    | ⋯          |  6.000     | 6.00       | 6.00       | 6.00       |  2.0       |   6.0      |    6       |     6      |  6.0000    |  1         | \n",
       "| 1/1/1959   | 2289.932   | 2151.8     | 18.191     | 255861.9   | 18234.44   | 22.7253    | 23.6124    | 22.3645    | 32.4403    | ⋯          | 12.133     | 2.13       | 2.45       | 2.04       |   NA       | 274.9      | 6476       | 12298      | 84.2043    | NA         | \n",
       "| 2/1/1959   | 2299.790   | 2160.4     | 18.380     | 257783.6   | 18368.22   | 23.1703    | 23.9311    | 22.5582    | 32.6782    | ⋯          | 12.149     | 2.13       | 2.46       | 2.05       |   NA       | 276.0      | 6476       | 12298      | 83.5280    | NA         | \n",
       "| 3/1/1959   | 2314.456   | 2176.2     | 18.555     | 256866.4   | 18521.70   | 23.5041    | 24.0760    | 22.6689    | 32.6782    | ⋯          | 12.169     | 2.15       | 2.45       | 2.07       |   NA       | 277.4      | 6508       | 12349      | 81.6405    | NA         | \n",
       "| 4/1/1959   | 2328.668   | 2190.7     | 18.488     | 262043.8   | 18533.11   | 24.0048    | 24.4237    | 23.0011    | 33.1937    | ⋯          | 12.211     | 2.16       | 2.47       | 2.08       |   NA       | 278.1      | 6620       | 12484      | 81.8099    | NA         | \n",
       "| 5/1/1959   | 2342.767   | 2205.7     | 18.710     | 263871.7   | 18678.30   | 24.3664    | 24.6265    | 23.2225    | 33.3524    | ⋯          | 12.230     | 2.17       | 2.48       | 2.08       | 95.3       | 280.1      | 6753       | 12646      | 80.7315    | NA         | \n",
       "\n",
       "\n"
      ],
      "text/plain": [
       "  sasdate    RPI      W875RX1 DPCERA3M086SBEA CMRMTSPLx RETAILx  INDPRO \n",
       "1 Transform:    5.000    5.0   5.000               5.0      5.00  5.0000\n",
       "2 1/1/1959   2289.932 2151.8  18.191          255861.9  18234.44 22.7253\n",
       "3 2/1/1959   2299.790 2160.4  18.380          257783.6  18368.22 23.1703\n",
       "4 3/1/1959   2314.456 2176.2  18.555          256866.4  18521.70 23.5041\n",
       "5 4/1/1959   2328.668 2190.7  18.488          262043.8  18533.11 24.0048\n",
       "6 5/1/1959   2342.767 2205.7  18.710          263871.7  18678.30 24.3664\n",
       "  IPFPNSS IPFINAL IPCONGD ⋯ DSERRG3M086SBEA CES0600000008 CES2000000008\n",
       "1  5.0000  5.0000  5.0000 ⋯  6.000          6.00          6.00         \n",
       "2 23.6124 22.3645 32.4403 ⋯ 12.133          2.13          2.45         \n",
       "3 23.9311 22.5582 32.6782 ⋯ 12.149          2.13          2.46         \n",
       "4 24.0760 22.6689 32.6782 ⋯ 12.169          2.15          2.45         \n",
       "5 24.4237 23.0011 33.1937 ⋯ 12.211          2.16          2.47         \n",
       "6 24.6265 23.2225 33.3524 ⋯ 12.230          2.17          2.48         \n",
       "  CES3000000008 UMCSENTx MZMSL DTCOLNVHFNM DTCTHFNM INVEST  VXOCLSx\n",
       "1 6.00           2.0       6.0    6            6     6.0000  1     \n",
       "2 2.04            NA     274.9 6476        12298    84.2043 NA     \n",
       "3 2.05            NA     276.0 6476        12298    83.5280 NA     \n",
       "4 2.07            NA     277.4 6508        12349    81.6405 NA     \n",
       "5 2.08            NA     278.1 6620        12484    81.8099 NA     \n",
       "6 2.08          95.3     280.1 6753        12646    80.7315 NA     "
      ]
     },
     "metadata": {},
     "output_type": "display_data"
    }
   ],
   "source": [
    "head(data)"
   ]
  },
  {
   "cell_type": "markdown",
   "metadata": {},
   "source": [
    "##### The first row is useless, drop it using subsetting\n",
    "also just keep the first 10 columns/variables"
   ]
  },
  {
   "cell_type": "code",
   "execution_count": 3,
   "metadata": {},
   "outputs": [
    {
     "data": {
      "text/html": [
       "<table>\n",
       "<thead><tr><th></th><th scope=col>sasdate</th><th scope=col>RPI</th><th scope=col>W875RX1</th><th scope=col>DPCERA3M086SBEA</th><th scope=col>CMRMTSPLx</th><th scope=col>RETAILx</th><th scope=col>INDPRO</th><th scope=col>IPFPNSS</th><th scope=col>IPFINAL</th><th scope=col>IPCONGD</th></tr></thead>\n",
       "<tbody>\n",
       "\t<tr><th scope=row>2</th><td>1/1/1959</td><td>2289.932</td><td>2151.8  </td><td>18.191  </td><td>255861.9</td><td>18234.44</td><td>22.7253 </td><td>23.6124 </td><td>22.3645 </td><td>32.4403 </td></tr>\n",
       "\t<tr><th scope=row>3</th><td>2/1/1959</td><td>2299.790</td><td>2160.4  </td><td>18.380  </td><td>257783.6</td><td>18368.22</td><td>23.1703 </td><td>23.9311 </td><td>22.5582 </td><td>32.6782 </td></tr>\n",
       "\t<tr><th scope=row>4</th><td>3/1/1959</td><td>2314.456</td><td>2176.2  </td><td>18.555  </td><td>256866.4</td><td>18521.70</td><td>23.5041 </td><td>24.0760 </td><td>22.6689 </td><td>32.6782 </td></tr>\n",
       "\t<tr><th scope=row>5</th><td>4/1/1959</td><td>2328.668</td><td>2190.7  </td><td>18.488  </td><td>262043.8</td><td>18533.11</td><td>24.0048 </td><td>24.4237 </td><td>23.0011 </td><td>33.1937 </td></tr>\n",
       "\t<tr><th scope=row>6</th><td>5/1/1959</td><td>2342.767</td><td>2205.7  </td><td>18.710  </td><td>263871.7</td><td>18678.30</td><td>24.3664 </td><td>24.6265 </td><td>23.2225 </td><td>33.3524 </td></tr>\n",
       "\t<tr><th scope=row>7</th><td>6/1/1959</td><td>2350.325</td><td>2212.8  </td><td>18.779  </td><td>263840.0</td><td>18848.37</td><td>24.3942 </td><td>24.8003 </td><td>23.3886 </td><td>33.1938 </td></tr>\n",
       "</tbody>\n",
       "</table>\n"
      ],
      "text/latex": [
       "\\begin{tabular}{r|llllllllll}\n",
       "  & sasdate & RPI & W875RX1 & DPCERA3M086SBEA & CMRMTSPLx & RETAILx & INDPRO & IPFPNSS & IPFINAL & IPCONGD\\\\\n",
       "\\hline\n",
       "\t2 & 1/1/1959 & 2289.932 & 2151.8   & 18.191   & 255861.9 & 18234.44 & 22.7253  & 23.6124  & 22.3645  & 32.4403 \\\\\n",
       "\t3 & 2/1/1959 & 2299.790 & 2160.4   & 18.380   & 257783.6 & 18368.22 & 23.1703  & 23.9311  & 22.5582  & 32.6782 \\\\\n",
       "\t4 & 3/1/1959 & 2314.456 & 2176.2   & 18.555   & 256866.4 & 18521.70 & 23.5041  & 24.0760  & 22.6689  & 32.6782 \\\\\n",
       "\t5 & 4/1/1959 & 2328.668 & 2190.7   & 18.488   & 262043.8 & 18533.11 & 24.0048  & 24.4237  & 23.0011  & 33.1937 \\\\\n",
       "\t6 & 5/1/1959 & 2342.767 & 2205.7   & 18.710   & 263871.7 & 18678.30 & 24.3664  & 24.6265  & 23.2225  & 33.3524 \\\\\n",
       "\t7 & 6/1/1959 & 2350.325 & 2212.8   & 18.779   & 263840.0 & 18848.37 & 24.3942  & 24.8003  & 23.3886  & 33.1938 \\\\\n",
       "\\end{tabular}\n"
      ],
      "text/markdown": [
       "\n",
       "| <!--/--> | sasdate | RPI | W875RX1 | DPCERA3M086SBEA | CMRMTSPLx | RETAILx | INDPRO | IPFPNSS | IPFINAL | IPCONGD | \n",
       "|---|---|---|---|---|---|\n",
       "| 2 | 1/1/1959 | 2289.932 | 2151.8   | 18.191   | 255861.9 | 18234.44 | 22.7253  | 23.6124  | 22.3645  | 32.4403  | \n",
       "| 3 | 2/1/1959 | 2299.790 | 2160.4   | 18.380   | 257783.6 | 18368.22 | 23.1703  | 23.9311  | 22.5582  | 32.6782  | \n",
       "| 4 | 3/1/1959 | 2314.456 | 2176.2   | 18.555   | 256866.4 | 18521.70 | 23.5041  | 24.0760  | 22.6689  | 32.6782  | \n",
       "| 5 | 4/1/1959 | 2328.668 | 2190.7   | 18.488   | 262043.8 | 18533.11 | 24.0048  | 24.4237  | 23.0011  | 33.1937  | \n",
       "| 6 | 5/1/1959 | 2342.767 | 2205.7   | 18.710   | 263871.7 | 18678.30 | 24.3664  | 24.6265  | 23.2225  | 33.3524  | \n",
       "| 7 | 6/1/1959 | 2350.325 | 2212.8   | 18.779   | 263840.0 | 18848.37 | 24.3942  | 24.8003  | 23.3886  | 33.1938  | \n",
       "\n",
       "\n"
      ],
      "text/plain": [
       "  sasdate  RPI      W875RX1 DPCERA3M086SBEA CMRMTSPLx RETAILx  INDPRO  IPFPNSS\n",
       "2 1/1/1959 2289.932 2151.8  18.191          255861.9  18234.44 22.7253 23.6124\n",
       "3 2/1/1959 2299.790 2160.4  18.380          257783.6  18368.22 23.1703 23.9311\n",
       "4 3/1/1959 2314.456 2176.2  18.555          256866.4  18521.70 23.5041 24.0760\n",
       "5 4/1/1959 2328.668 2190.7  18.488          262043.8  18533.11 24.0048 24.4237\n",
       "6 5/1/1959 2342.767 2205.7  18.710          263871.7  18678.30 24.3664 24.6265\n",
       "7 6/1/1959 2350.325 2212.8  18.779          263840.0  18848.37 24.3942 24.8003\n",
       "  IPFINAL IPCONGD\n",
       "2 22.3645 32.4403\n",
       "3 22.5582 32.6782\n",
       "4 22.6689 32.6782\n",
       "5 23.0011 33.1937\n",
       "6 23.2225 33.3524\n",
       "7 23.3886 33.1938"
      ]
     },
     "metadata": {},
     "output_type": "display_data"
    }
   ],
   "source": [
    "data = data[-1, 1:10]\n",
    "# Same as\n",
    "# data <- data = data[-1, 1:10]\n",
    "head(data)"
   ]
  },
  {
   "cell_type": "markdown",
   "metadata": {},
   "source": [
    "Note: the two assignment operators (`=` and `<-`) are equivalent*\n",
    "\n",
    "\\* (except when used in a function call)"
   ]
  },
  {
   "cell_type": "markdown",
   "metadata": {},
   "source": [
    "#### Convert the date string column to a date variable"
   ]
  },
  {
   "cell_type": "code",
   "execution_count": 4,
   "metadata": {},
   "outputs": [
    {
     "data": {
      "text/html": [
       "<table>\n",
       "<thead><tr><th></th><th scope=col>sasdate</th><th scope=col>RPI</th><th scope=col>W875RX1</th><th scope=col>DPCERA3M086SBEA</th><th scope=col>CMRMTSPLx</th><th scope=col>RETAILx</th><th scope=col>INDPRO</th><th scope=col>IPFPNSS</th><th scope=col>IPFINAL</th><th scope=col>IPCONGD</th></tr></thead>\n",
       "<tbody>\n",
       "\t<tr><th scope=row>2</th><td>1959-01-01</td><td>2289.932  </td><td>2151.8    </td><td>18.191    </td><td>255861.9  </td><td>18234.44  </td><td>22.7253   </td><td>23.6124   </td><td>22.3645   </td><td>32.4403   </td></tr>\n",
       "\t<tr><th scope=row>3</th><td>1959-02-01</td><td>2299.790  </td><td>2160.4    </td><td>18.380    </td><td>257783.6  </td><td>18368.22  </td><td>23.1703   </td><td>23.9311   </td><td>22.5582   </td><td>32.6782   </td></tr>\n",
       "\t<tr><th scope=row>4</th><td>1959-03-01</td><td>2314.456  </td><td>2176.2    </td><td>18.555    </td><td>256866.4  </td><td>18521.70  </td><td>23.5041   </td><td>24.0760   </td><td>22.6689   </td><td>32.6782   </td></tr>\n",
       "\t<tr><th scope=row>5</th><td>1959-04-01</td><td>2328.668  </td><td>2190.7    </td><td>18.488    </td><td>262043.8  </td><td>18533.11  </td><td>24.0048   </td><td>24.4237   </td><td>23.0011   </td><td>33.1937   </td></tr>\n",
       "\t<tr><th scope=row>6</th><td>1959-05-01</td><td>2342.767  </td><td>2205.7    </td><td>18.710    </td><td>263871.7  </td><td>18678.30  </td><td>24.3664   </td><td>24.6265   </td><td>23.2225   </td><td>33.3524   </td></tr>\n",
       "\t<tr><th scope=row>7</th><td>1959-06-01</td><td>2350.325  </td><td>2212.8    </td><td>18.779    </td><td>263840.0  </td><td>18848.37  </td><td>24.3942   </td><td>24.8003   </td><td>23.3886   </td><td>33.1938   </td></tr>\n",
       "</tbody>\n",
       "</table>\n"
      ],
      "text/latex": [
       "\\begin{tabular}{r|llllllllll}\n",
       "  & sasdate & RPI & W875RX1 & DPCERA3M086SBEA & CMRMTSPLx & RETAILx & INDPRO & IPFPNSS & IPFINAL & IPCONGD\\\\\n",
       "\\hline\n",
       "\t2 & 1959-01-01 & 2289.932   & 2151.8     & 18.191     & 255861.9   & 18234.44   & 22.7253    & 23.6124    & 22.3645    & 32.4403   \\\\\n",
       "\t3 & 1959-02-01 & 2299.790   & 2160.4     & 18.380     & 257783.6   & 18368.22   & 23.1703    & 23.9311    & 22.5582    & 32.6782   \\\\\n",
       "\t4 & 1959-03-01 & 2314.456   & 2176.2     & 18.555     & 256866.4   & 18521.70   & 23.5041    & 24.0760    & 22.6689    & 32.6782   \\\\\n",
       "\t5 & 1959-04-01 & 2328.668   & 2190.7     & 18.488     & 262043.8   & 18533.11   & 24.0048    & 24.4237    & 23.0011    & 33.1937   \\\\\n",
       "\t6 & 1959-05-01 & 2342.767   & 2205.7     & 18.710     & 263871.7   & 18678.30   & 24.3664    & 24.6265    & 23.2225    & 33.3524   \\\\\n",
       "\t7 & 1959-06-01 & 2350.325   & 2212.8     & 18.779     & 263840.0   & 18848.37   & 24.3942    & 24.8003    & 23.3886    & 33.1938   \\\\\n",
       "\\end{tabular}\n"
      ],
      "text/markdown": [
       "\n",
       "| <!--/--> | sasdate | RPI | W875RX1 | DPCERA3M086SBEA | CMRMTSPLx | RETAILx | INDPRO | IPFPNSS | IPFINAL | IPCONGD | \n",
       "|---|---|---|---|---|---|\n",
       "| 2 | 1959-01-01 | 2289.932   | 2151.8     | 18.191     | 255861.9   | 18234.44   | 22.7253    | 23.6124    | 22.3645    | 32.4403    | \n",
       "| 3 | 1959-02-01 | 2299.790   | 2160.4     | 18.380     | 257783.6   | 18368.22   | 23.1703    | 23.9311    | 22.5582    | 32.6782    | \n",
       "| 4 | 1959-03-01 | 2314.456   | 2176.2     | 18.555     | 256866.4   | 18521.70   | 23.5041    | 24.0760    | 22.6689    | 32.6782    | \n",
       "| 5 | 1959-04-01 | 2328.668   | 2190.7     | 18.488     | 262043.8   | 18533.11   | 24.0048    | 24.4237    | 23.0011    | 33.1937    | \n",
       "| 6 | 1959-05-01 | 2342.767   | 2205.7     | 18.710     | 263871.7   | 18678.30   | 24.3664    | 24.6265    | 23.2225    | 33.3524    | \n",
       "| 7 | 1959-06-01 | 2350.325   | 2212.8     | 18.779     | 263840.0   | 18848.37   | 24.3942    | 24.8003    | 23.3886    | 33.1938    | \n",
       "\n",
       "\n"
      ],
      "text/plain": [
       "  sasdate    RPI      W875RX1 DPCERA3M086SBEA CMRMTSPLx RETAILx  INDPRO \n",
       "2 1959-01-01 2289.932 2151.8  18.191          255861.9  18234.44 22.7253\n",
       "3 1959-02-01 2299.790 2160.4  18.380          257783.6  18368.22 23.1703\n",
       "4 1959-03-01 2314.456 2176.2  18.555          256866.4  18521.70 23.5041\n",
       "5 1959-04-01 2328.668 2190.7  18.488          262043.8  18533.11 24.0048\n",
       "6 1959-05-01 2342.767 2205.7  18.710          263871.7  18678.30 24.3664\n",
       "7 1959-06-01 2350.325 2212.8  18.779          263840.0  18848.37 24.3942\n",
       "  IPFPNSS IPFINAL IPCONGD\n",
       "2 23.6124 22.3645 32.4403\n",
       "3 23.9311 22.5582 32.6782\n",
       "4 24.0760 22.6689 32.6782\n",
       "5 24.4237 23.0011 33.1937\n",
       "6 24.6265 23.2225 33.3524\n",
       "7 24.8003 23.3886 33.1938"
      ]
     },
     "metadata": {},
     "output_type": "display_data"
    }
   ],
   "source": [
    "data$sasdate = as.Date(data$sasdate, '%m/%d/%Y')\n",
    "head(data)"
   ]
  },
  {
   "cell_type": "markdown",
   "metadata": {},
   "source": [
    "#### Plot one of the series\n",
    "again, choose a subset (`[...]`), but with a vector (`c(...)`)"
   ]
  },
  {
   "cell_type": "code",
   "execution_count": 5,
   "metadata": {},
   "outputs": [
    {
     "data": {
